window.d1 = `type,Coal,Oil,Natural gas,Nuclear,Hydro,Biofuels and waste,Other
2005,26.08,34.97,20.54,6.29,2.20,9.30,0.62
2006,26.86,34.41,20.45,6.17,2.21,9.25,0.64
2007,27.54,33.79,20.78,5.85,2.19,9.17,0.69
2008,27.59,33.30,21.08,5.81,2.25,9.23,0.74
2009,27.86,32.97,20.87,5.79,2.31,9.37,0.84
2010,28.52,32.20,21.33,5.61,2.31,9.16,0.87
2011,29.38,31.72,21.38,5.18,2.32,9.03,0.98
2012,29.27,31.66,21.54,4.87,2.40,9.18,1.09
2013,29.21,31.33,21.67,4.84,2.45,9.25,1.25
2014,29.19,31.47,21.39,4.88,2.47,9.22,1.38
2015,28.32,31.89,21.55,4.94,2.47,9.29,1.53
2016,27.25,32.12,22.11,4.97,2.53,9.33,1.68
2017,27.14,32.02,22.21,4.92,2.51,9.34,1.87
2018,27.07,31.25,22.89,4.93,2.52,9.29,2.05
2019,26.77,30.89,23.21,5.02,2.51,9.37,2.23
`

window.d2 = `type,Coal,Oil,Natural gas,Nuclear,Hydro,Biofuels and waste,Other
2005,26.08,34.97,20.54,6.29,2.20,9.30,0.62
2019,26.77,30.89,23.21,5.02,2.51,9.37,2.23
`